# Bundle file v0.3
36 18676
1608.13640301 -0.0451750568595 0.0709056609116
0.897032196972 -0.441945536281 0.00416899956257
0.325262240494 0.666523755279 0.670783540762
-0.299228528894 -0.600358415124 0.741641463839
3.55268839852 37.6885682921 -33.6666228969
1608.13640301 -0.0451750568595 0.0709056609116
-0.0510843983737 -0.997654987221 -0.0455511878574
0.726047297717 -0.0684177403464 0.68423266093
-0.68574463594 0.0018812969796 0.72783978663
-2.30509720036 36.3889759981 -34.9846127688
1608.13640301 -0.0451750568595 0.0709056609116
-0.717392180175 0.695809495027 -0.0346064510465
-0.536831663201 -0.520457271963 0.664030114863
0.444027279802 0.494947850477 0.746904545508
-3.66038596614 38.2400134822 -33.8864386334
1608.13640301 -0.0451750568595 0.0709056609116
0.268014855887 0.962762078962 -0.0354572465902
-0.719262339218 0.224443414631 0.657485240148
0.64096000219 -0.150712749761 0.752632674452
-4.14288314939 39.4430953374 -34.8170349273
1608.13640301 -0.0451750568595 0.0709056609116
-0.577611346707 0.814260361463 -0.0578376685676
-0.626990681996 -0.3971643666 0.670181431102
0.522731113333 0.423368078217 0.739940304012
-4.63373362356 37.9857546397 -34.3267083354
1608.13640301 -0.0451750568595 0.0709056609116
-0.817262540963 -0.571826798429 -0.0713866355718
0.381880558224 -0.630185686011 0.676042336247
-0.431565960648 0.525242909277 0.733396692019
-4.81991849929 35.8211065192 -33.229036875
1608.13640301 -0.0451750568595 0.0709056609116
-0.994394535982 0.0817730728663 -0.067027392633
-0.105588675565 -0.734872069667 0.669935872167
0.00552615614193 0.673257904356 0.739387081183
-4.20389138366 37.4528056701 -34.6988041007
1608.13640301 -0.0451750568595 0.0709056609116
0.49834259107 -0.866447642685 -0.0303832916387
0.652096832648 0.351502344947 0.671726002435
-0.571335613082 -0.354562524786 0.740176352799
-1.00310166137 36.8827910424 -33.2370114218
1608.13640301 -0.0451750568595 0.0709056609116
0.844010274886 0.536324459494 -0.00165228198777
-0.403919757823 0.637666590528 0.65591931559
0.352839177427 -0.552935252514 0.75482920015
2.70320737078 37.1534468642 -32.3113342001
1608.13640301 -0.0451750568595 0.0709056609116
0.913052635915 0.40781923943 0.00428392346241
-0.305678211511 0.677343457165 0.669153698371
0.269992064803 -0.612282050192 0.743111684713
4.50137194335 36.7298384637 -33.1781325663
1608.13640301 -0.0451750568595 0.0709056609116
-0.998777593619 -0.0259261048964 -0.0420850991466
-0.00780779638619 -0.757973155862 0.652239015475
-0.0488093925477 0.651770306225 0.756844178892
-7.84619704312 36.7588018933 -32.0585064396
1608.13640301 -0.0451750568595 0.0709056609116
0.100413079639 0.993568616602 -0.0523318023786
-0.750041793493 0.110150793327 0.652153441103
0.653723581838 -0.0262336965058 0.756278567538
-4.7506614572 39.6701124585 -34.694164537
1608.13640301 -0.0451750568595 0.0709056609116
0.39790845488 0.917377280855 -0.00936942404856
-0.677659127456 0.300785338198 0.671048647492
0.618422968938 -0.260666654747 0.741354116865
-2.31593578024 37.7992039248 -34.6089807216
1608.13640301 -0.0451750568595 0.0709056609116
-0.694426339207 -0.716849124797 -0.0624451094522
0.500452168763 -0.543502716064 0.673908320479
-0.517029676321 0.436728897497 0.736171300646
-4.91241996204 36.4514847778 -34.2682927523
1608.13640301 -0.0451750568595 0.0709056609116
0.784074169988 -0.620244796285 -0.0228929823316
0.470721321715 0.570206113255 0.673265494206
-0.404535700823 -0.538666298452 0.739046335267
0.943456435217 37.0569213681 -33.4466760366
1608.13640301 -0.0451750568595 0.0709056609116
0.416198035999 -0.909049104033 -0.0202218022822
0.671215237147 0.292153791477 0.68126079261
-0.613391636927 -0.297112585702 0.731761444164
3.47907113084 37.0383195821 -33.9819674981
1608.13640301 -0.0451750568595 0.0709056609116
-0.0872575419507 0.994357080207 -0.060333393862
-0.749896774278 -0.0256954154599 0.661055650874
0.655775075236 0.102925908626 0.74790728572
-4.85562141181 38.9055964703 -34.8726892066
1608.13640301 -0.0451750568595 0.0709056609116
-0.446579087627 0.892835222887 -0.0584156080737
-0.682940655724 -0.297957689864 0.666943232824
0.578065030298 0.337737294096 0.742815145863
-3.05399361418 37.7595618607 -34.2592270996
1608.13640301 -0.0451750568595 0.0709056609116
0.999110058726 0.0373673279827 -0.0195645943634
-0.0147075929881 0.743369391708 0.668719398687
0.0395319777101 -0.667836529602 0.743257420055
3.38849157905 37.4079924868 -33.7718892611
1608.13640301 -0.0451750568595 0.0709056609116
0.633943309412 0.773320407824 -0.00956176209009
-0.570909301713 0.476281883341 0.668743700396
0.521707245176 -0.41848669566 0.743431527369
0.975284687407 36.5057441673 -33.060091734
1608.13640301 -0.0451750568595 0.0709056609116
-0.277240272922 -0.958572035604 -0.0654024741791
0.710754300927 -0.250416825119 0.65735815003
-0.646503019934 0.135761063108 0.750734825994
-4.92937800042 37.6416331363 -34.0944816799
1608.13640301 -0.0451750568595 0.0709056609116
0.977460152093 0.210954305778 -0.00836253213978
-0.153293802989 0.736410575472 0.658938900277
0.145164255363 -0.642804593331 0.752149980893
3.46733018602 38.0398127978 -33.2854265958
1608.13640301 -0.0451750568595 0.0709056609116
0.757036550758 0.653246068039 -0.0128543925573
-0.483551723612 0.573394502863 0.661359565349
0.439401173655 -0.494457600486 0.749958858813
0.517584422904 36.8879223571 -32.6004762945
1608.13640301 -0.0451750568595 0.0709056609116
-0.826328437326 -0.558572859382 -0.0719560590058
0.3744508495 -0.64033854784 0.670636343675
-0.420675498425 0.527221874462 0.7382880333
2.79749624329 36.6461256871 -32.8663682343
1608.13640301 -0.0451750568595 0.0709056609116
-0.949761141361 -0.300932986012 -0.0859832093541
0.169106861178 -0.724601198396 0.668098774722
-0.263356495768 0.619993904174 0.739087893909
-2.4896659184 36.1860291109 -33.0030419927
1608.13640301 -0.0451750568595 0.0709056609116
0.562804069688 0.826589317299 -0.00129602086986
-0.610015866117 0.416401626451 0.674158978709
0.55779227516 -0.378628823541 0.738585128306
-2.21510611747 37.5281244189 -33.9975721131
1608.13640301 -0.0451750568595 0.0709056609116
-0.279492730812 0.958545636773 -0.0554443473027
-0.723026660241 -0.172121736638 0.669034047233
0.631756489483 0.227077894127 0.741160824649
-3.64568342288 37.8577426273 -34.5403343824
1608.13640301 -0.0451750568595 0.0709056609116
-0.967805516768 0.242835060052 -0.0662088764624
-0.222938598513 -0.704924948595 0.673334388058
0.116836907722 0.66641724952 0.736367562116
-3.54624797748 38.3765497513 -35.4578313051
1608.13640301 -0.0451750568595 0.0709056609116
0.66898403065 -0.743209806366 -0.00997749757469
0.554612075819 0.490195104387 0.672394382034
-0.494839178007 -0.455354744521 0.740125830215
1.84450072027 36.8689014905 -33.1988335614
1608.13640301 -0.0451750568595 0.0709056609116
-0.908797569168 0.413889370954 -0.0527500415786
-0.337863210833 -0.655823394519 0.67508823569
0.244817133879 0.631340845988 0.735848698542
-3.59579653056 37.7020758707 -34.4519816345
1608.13640301 -0.0451750568595 0.0709056609116
0.184369305759 -0.982752682091 -0.0143221834061
0.721104804499 0.125352571517 0.681391659578
-0.667844158485 -0.135955502492 0.731778847275
1.49277220989 36.7359103976 -34.1907952026
1608.13640301 -0.0451750568595 0.0709056609116
0.98557327808 -0.167102842015 -0.0268691965947
0.142192428082 0.731409919251 0.666948906152
-0.0917966607852 -0.661147616053 0.744618830582
0.343456518829 38.2900195155 -34.437870699
1608.13640301 -0.0451750568595 0.0709056609116
-0.79035235764 0.611865864707 -0.0310373062538
-0.472029586807 -0.575864821406 0.667508634136
0.390552454802 0.542217549581 0.743954910579
-6.17732026378 37.6526220702 -33.7478146488
1608.13640301 -0.0451750568595 0.0709056609116
-0.633544718766 -0.769001456745 -0.0851930093789
0.550025242611 -0.525086510099 0.649427739939
-0.544144578044 0.364583209206 0.755635998183
-9.499595537 37.162535959 -32.6832572817
1608.13640301 -0.0451750568595 0.0709056609116
-0.384764005776 -0.92049607038 -0.0681442901106
0.655733732337 -0.32455837944 0.681670837436
-0.649592127519 0.217597892341 0.728478706013
-2.7474146091 37.3016490813 -35.5134330728
1608.13640301 -0.0451750568595 0.0709056609116
0.962145139243 -0.272356272325 -0.00993941432435
0.204515566127 0.697419791522 0.686861716508
-0.180139152445 -0.662893426818 0.726720159647
7.39925794048 35.269055776 -32.9733086838
-18.3185814001 16.3953518776 -46.0678213612
31 16 9
2 27 339 560.5464 -3.276 6 306 510.78 -97.40928
7.17064898466 9.86909935382 -45.109570054
21 23 20
2 32 610 -119.9172 -39.21984 2 433 -9.801768 -21.16992
18.0131303654 10.0474617862 -47.362950272
125 125 115
3 17 931 18.968256 -265.5 32 2290 -363.1008 -233.16744 2 2078 -226.63584 -230.1648
5.61188140668 43.165130315 -47.417124326
170 158 160
4 17 1231 1108.092 -327.3024 32 626 635.2464 -790.6632 4 834 995.964 -479.7528 2 801 843.8088 -658.8144
-52.8623966678 -12.9263118198 -45.7765334515
34 42 18
4 25 385 -735.624 579.4824 3 1139 -459.8712 700.5312 12 639 -567.4512 636.5328 19 339 -753.2352 535.9824
-1.35432200939 -0.528722492288 -31.830854965
162 117 96
10 17 684 -28.01712 480.24 16 747 -90.81816 507.3504 29 665 -24.09048 465.948 2 599 -53.13264 495.48 6 787 -22.975824 455.484 11 820 -101.9028 532.8144 4 700 -65.00376 482.652 26 707 -54.58728 478.4544 27 913 -7.382328 475.4568 32 565 -121.90056 477.0576
-4.7673621685 1.96848920857 -32.1573037289
113 66 48
5 17 3024 72.1068 504.6768 11 2609 -41.18952 579.4704 4 3428 42.45984 499.2792 2 3550 60.68184 499.224 26 2781 35.62944 511.8
4.14504140176 43.9570863649 -47.1173817407
23 26 0
2 5 2612 -1037.3664 -766.7832 13 2291 -1124.772 -529.2072
27.7713255657 -33.009326381 -46.8788489236
101 101 73
2 11 3371 -1010.9424 -480.66 3 3622 -906.3504 -634.3608
47.5257572933 -28.488430642 -40.0886281562
46 54 31
2 27 3760 -1099.5936 427.0512 6 4066 -981.7176 508.7184
31.0350020172 10.4156751699 -45.9222015061
22 18 15
2 4 3759 -383.1072 -549.5256 2 3555 -554.46 -465.1656
25.2196008538 -18.9786825636 -45.4535059912
236 237 241
5 35 38 1028.7384 -113.25648 21 21 757.3992 -301.2864 31 28 814.1424 -65.99736 9 24 646.9896 -465.0264 18 14 852.1152 -221.99064
-5.41525762586 24.8040289416 -47.5298529051
146 139 131
4 17 2577 603.9552 58.70208 24 4928 -22.306272 -451.7784 23 4706 -96.13248 -401.2368 34 3677 -529.812 -174.03144
11.7385660316 14.3122181685 -45.8271480729
24 27 32
2 3 2422 361.5432 102.55056 12 3158 392.3856 83.6292
17.220033923 3.73440890284 -40.919468744
45 58 67
7 17 505 -150.77736 -71.84304 29 2430 -429.6264 49.48872 2 1353 -350.064 -3.853704 4 664 -272.5152 -51.3588 26 551 -80.28624 -78.02856 27 2931 -436.68 114.39624 32 1578 -468.7104 1.1791392
-57.7117421918 15.0589101068 -36.2133601572
160 150 161
2 21 3313 -1010.1072 696.2664 18 3457 -1167.6264 556.2552
6.08194039527 -22.7312573888 -46.371147925
114 110 72
2 16 1017 -593.6328 100.78536 26 1457 -559.8288 144.64992
73.6343427418 -2.26200894032 -45.463129825
163 164 133
2 28 4789 832.7016 719.6112 14 4826 1025.6712 668.4864
-5.23098797061 -46.3153288041 -45.5115580389
155 152 111
2 8 201 -990.9408 -752.9232 22 207 -1155.3072 -601.5528
-42.2332660902 -47.9736432848 -45.09559192
177 170 164
2 27 236 433.2432 776.1072 6 285 585.8544 744.396
38.9729184004 -16.2688214986 -40.7266200489
80 89 98
2 8 2860 1073.0424 -625.296 22 3042 839.5632 -767.1216
-3.12770821512 -14.1142096477 -35.3833224281
233 229 226
3 28 455 330.2352 137.63544 7 701 327.6456 187.09512 14 446 255.1992 117.36576
-32.6529086722 4.62885579228 -34.5988164483
79 60 56
4 35 1207 -720.1344 232.65048 0 1918 -851.58 209.83536 31 1313 -840.7008 371.5056 18 1119 -708.4152 455.3592
24.913483966 17.7869858873 -14.7244089616
59 66 72
2 17 922 165.60264 363.288 12 3865 1116.1848 761.5608
18.8665911567 52.0388484562 -38.1416363792
177 180 185
2 8 221 896.58 725.4312 9 253 774.6336 736.5216
11.8041941794 -29.7025176647 -46.2333839334
255 255 247
4 8 4492 -109.42728 -579.4896 21 4599 308.9952 -545.364 22 4542 -315.6576 -554.3664 9 4567 102.79416 -621.36
-2.97440183712 -20.4861914282 -42.5735078452
39 53 17
2 22 89 -419.3952 -45.75384 19 128 -454.1808 -0.2974248
-12.8584745821 60.5448983544 -45.4262543844
54 64 76
2 11 2096 1148.5416 535.9032 3 2063 969.4296 600.6864
-12.7436198387 -26.4384816817 -39.8919071319
86 92 106
3 34 837 751.9704 265.4568 33 648 543.7224 442.3248 13 743 591.4008 409.4928
61.6309940711 -10.8971250705 -47.5232641231
165 166 161
2 28 29 878.904 574.7784 7 69 649.7424 660.876
-22.1743580195 -7.16907356601 -46.7441413061
233 219 208
6 0 469 -372.4296 -158.05704 31 682 -489.8712 -31.6212 18 1085 -450.6552 30.01584 35 534 -316.6104 -174.77904 14 463 -314.5944 -259.9656 30 4594 155.85408 -369.48
-77.6569538161 -24.6707201168 -44.7663464619
204 202 205
3 25 3308 -1053.8592 706.6896 12 3514 -810.8376 774.0264 19 3866 -1115.0136 653.3664
-25.8483235865 -0.936398320713 -41.5017122769
34 51 9
2 10 39 503.1216 269.8032 6 59 584.9088 316.1688
47.8896773663 -26.4287927152 -41.2314820138
199 202 191
2 1 173 383.2872 729.8328 30 144 634.9632 686.4552
-8.4560883503 9.89941830933 -46.917322714
91 93 90
5 24 2123 178.76424 -101.97864 10 2267 60.52248 -33.95928 27 2993 253.3392 42.56904 23 1450 209.04576 -118.71264 6 2456 208.98384 -9.118344
-64.5087208958 -8.47483905438 -45.4294425979
137 141 124
2 8 1563 -1063.9488 529.8216 9 1208 -1177.5 412.2144
64.725123621 -4.22167659034 -47.2332972143
27 16 12
13 28 1281 792.636 632.7648 15 2081 525.4512 702.7152 34 3302 -292.152 692.2728 1 2462 9.53124 721.6392 23 4160 -737.4384 523.7328 13 3341 -671.5104 601.6704 7 1794 559.3488 706.5624 33 3286 -657.516 672.3528 14 771 962.9784 577.4976 20 2721 -225.68544 765.3816 24 4946 -1069.2264 341.1216 30 2352 261.2568 727.2936 5 4314 -846.0072 508.6368
36.5688319785 -22.622330428 -47.0072853681
99 109 121
2 21 1822 1146.5592 -500.3472 9 1405 1031.4024 -769.1544
-11.0022233824 1.03138314279 -31.5779987229
116 99 92
2 35 4448 -92.61864 353.76 0 4435 -203.44848 401.3208
-36.1003619173 -45.7124197702 -44.3873391591
86 86 86
2 11 3758 -907.5696 577.9536 3 3773 -1066.8528 492.204
38.0286200475 17.4054961967 -47.2420262221
183 170 162
3 25 1134 990.0432 -302.928 12 1276 922.3968 -455.4888 3 1345 803.7648 -494.1048
-34.4132871415 25.0824952576 -42.2791546246
128 144 157
6 10 5210 959.7432 -336.792 29 553 1107.924 121.0668 2 238 931.8768 366.6288 6 3003 1133.928 -185.83176 27 1451 1147.0008 -2.1047976 32 273 925.02 278.4264
42.9951886068 35.3367725186 -35.2515700583
206 214 217
2 34 981 -971.1984 589.4952 20 759 -927.8808 693.3912
33.9067557152 10.9074782625 -47.3979854063
46 37 22
4 27 3501 -826.0416 -237.39456 32 4094 -795.1848 -521.28 29 3905 -807.3384 -380.3304 2 4040 -613.4904 -559.5408
-49.1099816803 21.3479430602 -32.4605044101
174 121 113
2 32 1261 1148.8608 661.1448 2 1663 1104.6408 741.8376
-4.60994013866 2.13839169338 -32.3075893605
198 152 129
2 17 2023 74.54064 498.348 4 1933 43.95552 492.7704
17.2893152669 -33.9570537756 -43.7270977317
20 34 0
5 25 1400 -747.4104 -606.6288 3 1976 -949.8144 -289.2648 22 704 -311.724 -774.732 12 1768 -880.0176 -452.388 19 996 -524.5032 -708.4536
-15.1024127288 -3.05752957544 -42.9660965336
97 98 100
2 1 5061 99.94224 -108.708 30 4901 67.93608 -110.81016
33.196657884 25.495152994 -47.2969414047
35 36 40
2 16 529 712.2312 -623.136 3 2271 933.9096 -296.2368
76.9050871633 8.18142254971 -45.2619864112
37 52 13
2 0 658 1163.9904 640.4472 14 1218 894.5304 741.5136
14.2708042855 -15.5000344527 -45.1561180757
33 48 9
2 8 4100 198.006 -246.3168 9 4136 330.9408 -251.1888
-26.5363850967 -0.935495192466 -40.0301150857
16 36 0
5 8 2368 -451.0512 470.844 21 2082 -535.6776 361.2168 22 2623 -425.796 491.904 9 2297 -467.2416 400.7256 19 2936 -339.6216 512.8152
14.977748319 26.4579206555 -47.330931548
225 224 219
3 27 2769 -266.5992 -486.5808 32 3028 -11.59728 -533.952 29 3009 -123.192 -545.1936
-10.1887065465 -41.0196862265 -45.1644161251
88 86 63
3 25 1114 -1164.5352 -106.90344 22 1243 -1055.0568 -364.4616 19 1263 -1073.2392 -216.23304
5.50323537798 45.8217069361 -46.4518623641
150 149 157
2 11 675 1037.2272 244.4352 16 620 1123.4352 75.21168
-10.9607810452 -18.6982618562 -46.2817573302
85 89 64
4 21 2689 -300.7152 -126.34368 31 1799 -176.09952 -225.89304 9 2688 -361.9896 -96.51768 18 2388 -210.56472 -208.5732
17.8509587492 29.4690137075 -46.3137419614
32 50 72
4 8 2554 696.06 379.2672 21 2329 521.3424 501.504 22 2741 730.044 313.0416 18 2063 425.3424 514.9896
-16.6077471617 20.6150109793 -47.3798259509
180 170 168
7 10 78 305.5128 -289.3584 29 518 597.4104 -57.20736 2 1452 581.9016 121.79712 6 101 491.2344 -220.67256 27 229 564.9816 -118.70856 24 80 349.9056 -417.7656 32 933 523.2936 50.42208
16.8378672737 27.3665602406 -46.72527511
75 72 79
4 28 201 -120.11664 508.2288 0 2672 109.83024 537.3984 31 4494 246.7704 533.2344 18 4670 411.7392 487.1304
17.6699914201 48.2337250988 -47.3345804086
113 106 96
5 8 468 785.532 536.5968 21 682 514.0656 650.9064 22 436 872.6088 468.5688 9 582 687.684 554.2488 19 440 1007.9184 357.528
-13.5948808005 -26.5476018653 -44.0093268617
168 176 199
2 31 51 -246.2952 -410.3616 18 47 -335.5992 -376.188
14.4751015371 -30.4693294203 -43.7064723093
113 123 89
2 11 3049 -868.8912 -84.41736 16 3066 -881.148 -1.7395008
-6.80417100189 29.2455434754 -44.2723635777
199 198 167
3 35 3412 -128.49984 458.8632 0 3385 -305.3712 493.3248 14 3487 -435.0072 418.8744
35.7817243976 12.7965683137 -46.0650880491
234 227 234
3 27 3290 -902.9112 -272.7504 32 3681 -855.2376 -588.5136 29 3439 -879.0168 -429.3744
13.3216282358 -24.0620055622 -46.8237572116
28 45 39
10 12 2522 -544.8528 -287.4408 19 3401 -275.5584 -436.3296 25 3035 -448.4208 -373.5912 17 322 -639.504 103.0164 16 635 -681.2544 -36.14304 11 1648 -654.9048 -91.05504 22 4090 -144.9288 -458.6232 4 341 -648.6624 169.88712 26 414 -671.3856 22.567512 3 2074 -610.9008 -172.93584
26.4143201767 30.4101757448 -45.6748828472
127 135 146
2 21 4450 691.2672 504.2472 18 3345 584.0664 533.2632
8.04264137583 61.305060889 -48.0737276689
155 147 126
2 21 3128 365.7336 745.5792 18 3473 212.58552 735.5832
18.2583377001 4.13618317096 -41.8966594237
129 144 167
2 8 4764 546.2448 130.99176 9 4810 586.08 154.08072
-54.1478313532 12.919434741 -35.6849364353
213 203 214
2 21 333 -975.5616 680.3424 9 533 -774.2232 740.6904
-13.0204342921 -11.5335750066 -46.5175141054
132 128 81
4 28 190 61.95144 -210.0612 1 672 320.8272 -109.33488 7 219 112.22496 -198.21744 30 324 306.8496 -159.69696
-3.23121601956 32.2374977023 -41.9737034972
74 83 62
2 11 2834 670.9368 420.3888 3 2994 599.3856 466.4256
-22.9332426086 55.0481186441 -47.4714515414
76 63 57
2 11 2082 920.94 586.9104 12 2336 641.34 618.3456
19.3711467477 1.19733997492 -43.3319187405
43 43 51
3 27 72 -475.2096 100.13016 10 108 -623.6064 184.28904 6 113 -500.6808 132.96888
16.6204669458 12.6766841495 -46.1660898117
15 24 23
3 16 2749 254.4936 -123.84552 12 1754 424.2144 -16.156008 26 3310 186.6144 -209.57112
-20.2507332205 9.36918182733 -46.3885841261
43 47 46
2 32 2308 383.3664 244.5816 2 2587 417.3768 295.3128
1.11295782951 5.91330062549 -35.1878902398
120 137 155
6 17 1639 104.7864 328.0248 29 3043 -9.333984 275.8368 2 2397 25.11528 317.712 6 3529 -70.10016 265.5504 27 3365 -23.422728 287.5368 32 2361 -67.50408 291.7896
-17.4816637877 -43.591812772 -45.4781818384
103 104 62
2 16 1577 -826.8504 434.4336 26 1944 -680.6952 493.4112
11.723207809 29.7725406378 -47.2375226274
229 218 216
14 28 525 -219.8628 478.2792 10 5427 -598.1496 -544.8336 34 4782 -706.2312 71.54352 29 4688 22.485096 -596.8056 1 3944 -627.6096 218.3124 20 4851 -732.912 164.63256 23 5698 -565.8552 -271.0392 13 5398 -808.6296 -144.94032 6 4865 -330.7416 -560.2224 7 1438 -365.5704 434.5632 33 4990 -894.0072 -66.37728 27 4701 -145.41624 -558.1632 24 5783 -564.3216 -453.948 5 6154 -782.2968 -288.7824
5.95934002769 16.1430927862 -40.6362379607
58 69 52
2 3 3676 361.452 301.9344 12 3596 374.4456 278.7744
-12.1765838179 -42.8873592576 -45.5098790845
177 173 128
3 11 3975 -971.856 302.3952 12 4415 -1140.0408 65.3556 3 4155 -1069.2336 196.14408
-23.3729553131 -19.3758772807 -45.6359771135
58 68 43
2 10 2287 367.368 447.9576 6 2419 402.0696 462.54
35.1658122881 -28.4930316708 -46.35211811
67 71 74
5 28 1500 1044.3816 249.5112 1 1001 455.2272 554.2632 7 1172 877.032 385.0512 14 1896 1136.3952 146.38848 15 825 885.7056 409.4928
38.2347657726 46.8773334783 -46.6089733687
63 54 39
2 7 2210 -318.1152 706.8432 15 2529 -337.4568 676.092
23.0790604482 30.2488260302 -46.1716061409
20 32 46
6 10 4683 -982.7496 -545.1984 23 4345 -785.3352 -132.42912 13 3520 -946.74 10.8402 33 3179 -1004.9328 91.3728 24 5012 -866.0568 -370.344 5 4516 -983.9088 -147.29424
-68.511631379 -26.7897541763 -45.1501079956
199 199 189
2 3 2697 -686.5152 780.2832 12 2427 -830.4096 708.2376
-2.31269659998 -1.25716900065 -31.5359330073
238 167 135
2 8 1762 3.683352 472.9968 22 1461 -46.65624 464.9616
-32.23600641 1.58801080675 -36.460296518
215 197 193
3 1 1441 -23.029416 -493.1736 30 2207 -222.4548 -451.26 15 1789 -411.5064 -345.4392
-36.8433093867 63.1272639515 -44.4585041859
218 231 237
3 35 695 -712.2 654.4512 0 607 -986.508 650.5584 31 914 -683.4936 748.2264
12.4812390976 32.2159787281 -46.3776052406
15 33 0
2 27 3567 -162.1152 -628.4736 29 3620 29.77656 -670.5888
16.6817923077 27.9666599406 -46.4512854148
56 65 74
5 34 276 -685.7232 165.0096 1 237 -577.2696 294.4344 20 234 -701.5128 253.5528 30 239 -428.1072 394.908 15 500 -261.384 455.328
19.3602529586 10.0506725723 -47.3628295897
51 44 34
2 16 745 179.08968 -203.93784 26 961 93.29856 -278.3352
32.8177497457 30.3631535169 -46.4529777334
209 224 229
2 8 3753 1029.7728 281.9904 22 3839 1076.3376 180.8256
10.9342124762 -19.357343177 -44.0920490994
142 160 84
2 7 2684 553.2552 186.07248 15 2689 630.96 206.73456
-48.5796480556 36.9076495438 -46.6860041192
9 9 7
3 17 4364 1028.2872 545.3568 16 4269 635.0544 710.3376 4 4351 1147.0224 459.3528
-15.0232418035 -8.37926907159 -43.8053568355
130 135 139
2 21 1058 -321.3456 134.96064 31 983 -317.34 21.775704
-10.3527779548 -42.8090211377 -45.5920111527
172 160 120
3 8 1986 -990.5136 -543.6072 22 1200 -1108.188 -408.4488 9 2215 -828.3936 -719.0256
23.438430967 24.5828057889 -47.1229353509
80 103 51
6 28 4806 -4.85436 532.7592 0 4796 238.62768 532.9632 31 4797 375.5304 512.9088 35 4760 432.54 452.6328 7 4804 -162.34488 517.5192 14 4855 89.95464 534.3648
18.3888318352 -9.56039378167 -47.0191289212
202 208 208
2 25 2403 8.56788 -274.332 12 2258 -96.15072 -262.5648
-9.3897085593 -11.9518534578 -44.732853944
215 221 221
5 8 387 -294.9576 104.9316 21 398 -207.79968 31.37112 31 1139 -155.46984 -45.91704 9 366 -238.16544 42.71592 18 586 -149.96904 -36.16656
-0.143475659132 -4.81007361734 -31.956210658
150 140 139
2 8 1280 1.6221912 392.5824 9 761 67.4796 360.7344
-33.6609946342 25.1690110721 -46.5410516517
21 31 43
2 32 1476 876.7776 187.30968 2 1523 888.972 276.6528
-23.597022222 8.47220091296 -45.3623159066
59 46 56
2 4 1428 386.9448 396.7608 2 1560 448.1472 354.4608
46.4186849584 22.3457084898 -44.6292815367
89 93 96
3 21 3459 1161.7824 387.0432 31 2294 802.368 579.6936 18 3237 1029.1776 469.836
17.8685613029 -30.8402373736 -46.4832797809
38 63 5
2 25 3291 -601.584 -600.6744 12 2953 -736.6872 -471.6576
-16.7775651336 15.996393645 -46.885531496
188 182 168
3 28 4772 -499.1904 89.39064 7 4675 -544.284 2.658264 15 4826 -437.5728 -35.72352
-3.69046180352 9.41841963704 -38.5894014285
18 33 12
3 32 3050 101.19504 223.8708 4 1655 195.24432 282.6336 2 2698 184.77912 260.9616
-14.1520345776 0.345394971419 -44.3530899111
142 54 66
4 1 222 2.61816 -118.60656 7 98 -194.06664 -55.09992 30 85 -23.371224 -102.16368 15 68 -50.3592 -72.90888
-54.1478313532 12.919434741 -35.6849364353
213 203 214
2 21 3780 -975.5616 680.3424 9 3701 -774.2232 740.6904
14.7327614429 -13.5613862287 -44.1501816471
17 29 7
2 8 2079 240.732 -194.25384 22 1903 103.35096 -220.50432
16.0620257474 -11.8765758815 -45.3383236134
100 118 70
5 8 4286 294.0264 -196.52112 21 4545 476.2248 -84.5052 22 4154 164.45448 -231.55536 9 4420 409.5624 -190.30944 18 4615 539.6328 -51.99336
-14.7745924738 -18.0834646191 -45.99073413
47 51 16
2 28 3332 181.83144 -344.7 14 3196 50.50104 -346.9296
68.3803702932 -3.60728996488 -46.3105766115
6 25 40
9 28 2396 813.3768 671.7072 15 2614 530.8656 739.0248 34 3596 -315.4728 721.9224 1 2895 -1.658448 754.5096 13 3379 -710.736 627.9096 7 2520 569.532 744.732 33 3502 -692.7072 700.2384 14 2300 993.4032 617.9352 30 2653 257.6208 762.1848
76.3868088586 -2.98320368583 -41.927822132
194 206 218
3 5 1051 -1017.9072 626.9904 23 1104 -912.576 640.0752 13 1025 -802.8912 725.3856
2.55463635913 -17.425340647 -46.329590448
196 188 142
10 8 4407 -125.80656 -152.58552 28 1334 446.4024 -36.00744 0 2106 367.4808 -114.59472 19 4498 -285.0792 -116.00376 31 3487 195.73368 -139.40064 18 3936 176.25048 -187.30368 35 3158 434.904 -236.11992 22 4553 -232.89072 -139.12824 7 603 427.008 33.75264 14 1759 400.1328 -77.17968
-1.06065826223 48.2652586109 -42.5078654273
96 91 88
2 35 1203 -106.01928 660.336 0 1170 -321.8232 697.9536
-57.7846627409 -7.69687377867 -45.028057648
161 165 177
4 25 2931 -678.624 648.3168 3 2417 -388.7856 758.0232 12 2781 -500.9928 697.4808 19 3230 -703.5552 610.3968
5.15230013345 43.1542176552 -47.4160259427
111 89 75
8 3 1864 874.8192 309.3936 17 522 1109.0064 -315.9744 16 1282 1033.7664 66.54192 2 416 850.9176 -647.1144 11 1641 961.02 225.5544 4 401 1000.2264 -469.1592 26 692 1099.8696 -142.10904 32 474 644.7168 -778.0632
14.9639565166 12.2400527566 -46.324776006
251 246 242
9 10 454 -565.6824 -75.51696 17 4439 106.9152 -203.04888 23 113 -314.9352 84.16656 2 3198 -120.3492 -199.99032 6 770 -395.7168 -110.43432 4 4080 -18.108528 -211.11216 27 1402 -320.5296 -130.1268 24 200 -414.7728 -25.74912 32 2841 -257.952 -213.73584
14.4913794215 34.8242900117 -47.0337177905
71 78 94
3 24 607 -724.4664 -574.5864 10 5228 -743.4576 -714.8928 6 4842 -437.9088 -736.5312
14.3250232435 4.65098663903 -41.0801015684
33 44 48
3 17 1343 -85.00584 -23.582712 4 1803 -196.10088 -11.628 26 1024 -26.8404 -22.306224
-25.6593190539 -44.5850833173 -45.6456795568
159 155 152
2 3 4092 -1061.196 361.7808 12 4204 -1168.6296 246.54
23.5549762265 28.6041344104 -46.9337163906
170 180 192
2 5 2348 -942.8808 -124.67064 23 1824 -749.8752 -111.7476
23.5584267882 37.7191609916 -38.9295758578
205 208 213
2 17 3635 973.9104 -675.5712 26 3100 1128.072 -470.928
36.039850824 48.3018193206 -45.4626019042
205 223 233
4 21 4341 844.2288 653.5512 31 4399 447.5184 746.6064 9 4149 1050.1248 516.6336 18 4390 682.8648 687.8448
-33.0777838382 -5.96746278452 -55.4708425404
119 48 30
2 25 2515 -450.9768 309.7656 12 2464 -345.8736 362.3376
-30.2400263341 -12.9305238339 -46.4060606459
182 181 153
2 10 797 531.6504 357.0144 6 823 573.1464 390.7392
4.56407459556 15.7838675014 -40.2962748653
77 106 39
2 32 2102 33.87408 -15.051816 2 2437 161.5176 24.57336
24.5613455166 30.1288281248 -45.7744288907
1 17 17
3 17 4654 565.7736 -675.1848 16 4364 822.5904 -336.3528 26 4586 723.8064 -543.6096
81.8844423084 -1.96119794282 -46.6112539478
82 91 90
2 5 5634 -1039.02 568.1136 23 5020 -940.404 580.9896
-4.94728915463 29.0846839977 -47.0050237726
146 150 100
3 28 4212 -459.168 341.2128 7 4357 -577.1496 260.628 14 4131 -389.4264 384.3552
-9.54818741535 0.168556923419 -31.4623415879
60 28 13
3 17 1467 80.95056 589.7616 4 1406 72.71976 583.3128 26 1727 23.271 594.1896
27.0324000898 -19.3820626747 -41.5502178111
68 92 164
7 8 4496 558.7728 -494.3784 21 4454 866.4432 -257.3592 0 1651 948.0336 151.7472 31 3456 908.4816 7.375728 9 4552 750.0792 -444.6312 18 4245 960.6816 -162.73224 35 2913 1134.0408 -35.40648
15.6852155444 -32.0700347601 -45.3511904145
32 47 24
4 28 313 975.744 -17.679936 0 874 958.332 -272.9472 7 365 893.2296 132.0756 14 413 972.2064 -123.12576
18.9740309997 -6.53732867359 -47.1218120224
51 57 57
4 17 1432 -387.5088 -124.17336 3 2127 -103.13088 -186.98832 12 2387 -9.60804 -247.5 26 1615 -342.912 -170.44344
14.190810835 12.9689575868 -47.3980245147
237 219 207
5 27 398 -293.3952 -155.92632 32 358 -227.78352 -231.37512 29 362 -240.0672 -210.918 4 451 14.294184 -224.59152 2 420 -90.22776 -215.25384
11.9906550658 31.4474097007 -47.042619761
66 63 30
2 34 3888 -747.7344 65.22336 33 3896 -940.2984 -83.34144
14.1588837461 32.8268681284 -45.7991683062
201 211 221
8 8 2891 646.9056 445.7112 21 2138 451.3704 551.04 0 699 29.01384 583.5432 31 1101 173.55336 589.3368 9 2524 586.14 460.632 18 1205 351.1344 555.8352 35 561 223.33056 522.7728 22 4159 690.984 384.4176
12.3120046533 19.0491574634 -47.273323954
134 135 103
13 10 898 -533.028 -246.0936 12 4093 489.1872 83.09328 17 2873 322.488 -226.07664 16 3629 423.2088 -55.13328 29 1729 -130.69968 -321.7032 2 2545 70.61088 -286.3992 6 971 -330.6576 -268.7208 3 4065 469.4304 92.994 11 3842 456.0624 43.54608 4 2781 190.67112 -263.2512 26 3291 385.236 -166.30512 27 1556 -220.39008 -275.232 32 2049 -83.61336 -318.372
18.3102651486 -28.2052452536 -46.9600762202
142 139 124
5 8 3414 108.8004 -666.3576 25 3603 -506.7432 -569.544 21 3203 528.2952 -551.4432 22 3588 -119.6628 -669.0048 19 3606 -301.1832 -643.5456
-34.8102051221 -44.5635357261 -45.7726203373
103 101 104
2 3 3259 -1032.5136 459.672 12 3589 -1157.4048 353.1384
17.2674582361 26.0744396373 -46.8892496275
59 54 61
4 34 4976 -641.1312 175.78008 5 6162 -792.4728 -149.83584 33 5062 -856.9992 59.43432 13 5459 -787.8 -16.729848
-6.82220732972 0.967811115515 -31.7123285505
230 182 159
7 10 4728 8.761608 447.7632 29 4159 126.69168 489.132 2 4093 80.09448 542.0568 6 4149 133.34784 451.8768 4 4073 50.71656 542.3376 27 3983 146.11512 485.388 24 4544 190.24944 389.1528
35.475170956 10.5861641083 -45.9062726696
55 69 36
2 16 416 190.76952 -653.5776 26 458 -31.80144 -741.612
-10.1684213627 -42.4115394165 -45.5323773677
162 154 108
2 8 1248 -975.5064 -534.7536 22 1945 -1093.3536 -402.4512
81.4259693835 8.89740912822 -42.502571015
44 64 62
2 33 2434 -974.94 753.6144 13 2615 -1007.412 675.2448
-4.70164963785 2.67533503679 -32.1168076019
209 154 133
4 17 2029 87.33408 501.444 16 2183 3.441768 548.8776 4 2008 57.44688 493.3896 26 2006 54.19368 510.2208
-28.6760295285 5.89077265756 -40.7302743462
98 109 93
2 28 578 -657.384 -109.29168 7 591 -624.1176 -231.19488
-46.2040980988 -12.9047790856 -46.0683983738
7 16 25
8 8 4491 -903.6 363.3864 21 4731 -1059.4536 125.784 0 4826 -1127.6016 -586.0224 19 3759 -703.5144 483.324 9 4626 -957.9288 249.276 18 4821 -1104.5496 -61.09344 35 4796 -1067.4432 -477.024 22 4370 -834.4056 421.044
-31.6873231755 4.73152548399 -34.3677391657
134 110 106
4 8 1018 -475.2336 673.812 22 979 -426.4488 689.112 9 1079 -515.4552 604.5336 19 1207 -313.2288 703.4136
10.6763539314 19.2596095696 -47.0939287342
53 49 37
6 17 4672 340.0008 -187.88616 16 4703 422.7144 -19.163328 34 110 -475.0848 130.75536 11 4658 446.532 77.61912 13 107 -567.024 -13.188528 33 89 -647.8728 54.7572
-20.0039048144 10.994120657 -46.4354168282
127 126 132
4 16 2140 208.29312 450.7536 4 1397 399.1224 323.2008 2 1000 443.5704 276.0336 26 1975 305.2056 392.256
-18.7079566631 -22.1655836344 -45.8322147471
166 157 118
3 5 5996 600.2448 265.2072 33 5020 572.0544 214.51824 13 5364 630.0744 193.68048
16.0109720311 -52.0682545063 -44.9020136051
180 180 180
2 32 4027 -883.668 539.5872 4 4510 -1057.3632 365.1408
31.6756677136 -20.9615491154 -46.775759674
110 110 112
3 8 527 650.4072 -699.492 21 704 963.72 -415.488 9 517 847.7592 -634.0968
-30.1608814444 14.5549460222 -38.78792605
77 71 75
3 25 4280 -133.61448 674.316 22 4363 -239.41704 664.5936 19 4262 -124.65408 663.0648
28.6403583575 29.9108577135 -47.2166528486
221 214 206
2 16 1907 834.0264 -481.3656 26 1563 702.3888 -700.164
22.8093261229 26.9984713788 -46.3858487256
67 61 63
2 3 457 799.0728 -37.74888 12 440 824.1672 -17.195304
-45.9854574019 -8.42884608732 -45.7687077235
65 67 66
2 4 3092 295.4496 658.8336 2 3131 431.8152 636.4536
-13.0003288343 2.23928864705 -34.9407356114
11 13 12
3 34 3071 80.6844 130.15944 1 4388 -70.40616 90.2736 20 3854 -38.91024 152.18088
-37.90784147 2.76412807151 -43.989865908
91 99 112
3 28 1383 -831.4056 -409.5696 0 1303 -898.4424 -65.17296 14 1547 -903.5712 -270.3672
11.5339622975 -26.698762025 -46.5094988306
131 126 106
2 11 2814 -717.9192 -58.52064 3 3121 -687.1104 -148.36104
-16.2738837264 -3.09457192345 -33.470303803
214 159 139
3 25 3051 -332.9664 566.4096 22 3471 -338.0256 527.0232 19 3151 -281.1456 538.6488
-44.1626473165 14.0997499418 -32.6262927719
67 78 100
2 31 2559 -1120.0248 515.7936 18 2869 -914.7768 617.6112
25.2271377343 47.4369775079 -36.96143935
205 207 202
2 8 1724 1024.4736 682.3056 9 1989 902.436 703.4544
56.1273231462 -7.89982004819 -47.4113809386
75 84 65
2 0 196 1133.3544 373.0776 14 275 936.432 498.4536
23.8663689695 25.4198236513 -39.6927901164
236 238 233
2 22 1744 884.4504 338.712 19 1630 949.9704 221.90376
-47.8288178554 4.27134869083 -40.6412636234
76 92 56
2 22 2319 -599.6304 658.896 19 2281 -455.1024 686.1456
21.1485844398 32.0474825209 -46.6974593265
157 158 162
2 25 1532 840.7296 150.13008 12 1652 889.5072 44.24304
39.1246226657 19.0374235248 -46.1769949873
150 160 162
4 35 1214 746.5776 459.1488 7 2582 56.1708 631.2216 14 2028 356.232 601.3416 15 2703 55.64928 614.8248
-66.299482853 -10.6169676123 -46.0123899504
38 30 27
2 8 3889 -1117.188 512.0856 22 3231 -985.3848 570.384
43.2219532967 40.7106836478 -33.3533993608
198 207 212
2 34 954 -1109.664 603.5976 20 904 -1059.7992 714.6672
2.69120497501 49.0524553491 -43.0466410673
181 181 181
2 25 3796 768.7848 525.54 19 3200 778.1808 560.712
25.9557553855 25.9291568128 -44.5533373276
177 189 185
2 27 1185 -646.6944 -522.5256 29 1113 -505.932 -650.9952
-3.35050170956 31.3869030419 -44.6919810706
46 51 44
2 16 3960 696.9888 262.8552 26 4075 761.1528 126.93624
35.4787887211 12.7818370453 -46.9677692961
41 36 43
7 10 5138 -1091.8968 -102.94392 29 4523 -857.9784 -437.0688 23 4437 -641.2368 213.37152 6 4588 -928.7616 -189.14184 27 4477 -880.5624 -282.4896 24 5230 -832.0296 33.28896 32 4335 -834.8448 -590.58
-17.818107843 8.47727520809 -45.0273172209
200 196 185
2 1 5141 -225.93264 -226.6488 30 5035 -270.0912 -166.07928
16.5052189514 -1.99042717579 -34.2077927567
41 20 27
2 3 4316 -13.668696 149.97312 12 4302 89.65248 99.86424
-27.6657186691 0.993141200853 -40.6641679788
17 31 0
4 27 4252 615.204 386.9592 10 4974 564.4272 255.0408 5 6014 636.3432 -90.02736 6 4337 649.7496 308.1024
56.3754747509 -7.29590995008 -46.7933548292
153 153 127
2 0 4164 1133.1504 392.0712 14 3819 933.2616 513.6696
-21.5320580879 28.0513563148 -47.2970674352
77 80 85
2 23 2768 302.6688 -767.892 13 3164 -248.5128 -748.248
37.987128113 18.080023509 -47.623255508
68 63 57
2 21 1218 951.5472 300.3864 18 1202 859.9608 369.3768
-6.59755800895 30.0159081537 -47.117745321
222 227 207
2 24 4783 -40.61712 -611.592 10 4588 -1.6502688 -558.3288
2.77311239244 50.1048138758 -43.8445739645
44 51 57
2 8 4267 554.3328 680.0304 22 4369 643.9248 632.3304
-3.84559365691 15.4462290542 -47.2958425569
172 170 173
2 24 1597 16.19592 -203.74392 29 2547 233.30112 -80.75592
41.2953997361 22.3838123671 -44.4950014837
189 202 208
3 21 2466 1040.1264 401.4384 9 2506 1193.0088 222.09552 18 2812 924.8592 471.6096
25.8273130184 14.4352385362 -47.3318167385
157 161 164
3 11 1318 434.8296 -266.1144 16 757 312.5496 -375.1176 26 514 179.0304 -479.1
8.96190856663 -6.23402230782 -31.4952924204
141 154 163
2 16 1650 -299.4264 347.388 3 1299 -205.03488 336.9312
-26.7259710198 -3.3398787053 -40.8994481933
49 71 0
3 28 3587 -432.1056 -233.0268 0 3630 -566.4624 -19.606944 14 4060 -533.5488 -155.96184
-0.924340845549 -17.227908938 -45.9751964832
42 52 28
2 21 4415 -19.470456 -134.69088 9 4574 -100.512 -153.61776
10.4952780703 53.2285724373 -43.2435031851
51 32 34
2 8 1771 707.6328 678.5736 9 2140 597.9696 681.7224
-18.8932820258 16.1955591951 -44.223832002
252 213 218
2 11 1877 232.58064 529.8888 3 1765 154.0824 534.3792
48.908127774 20.2120102232 -46.9906539983
191 201 174
2 34 461 -607.992 506.6208 33 475 -950.64 418.7256
17.7386578831 7.42445352297 -42.2011240223
203 213 214
2 27 288 -434.1792 21.882024 29 283 -409.3584 -47.85576
-40.5301424385 41.5188375796 -46.2438377777
74 130 223
2 3 221 417.0792 744.684 12 265 306.096 712.3152
9.37917162933 6.4298517172 -41.9846678084
95 110 115
4 17 532 25.76928 41.93328 32 911 -232.16664 40.134 4 483 -66.15072 39.44256 2 682 -124.0992 54.3312
-28.6979068438 6.17454545903 -41.3082833241
12 18 8
2 28 3566 -657.2088 -115.88592 7 3575 -625.2888 -238.77936
1.40521545892 -15.0551481928 -39.6430290755
230 231 236
2 28 4626 408.6768 104.53104 14 4612 357.1272 69.3012
-38.0426651234 13.9274477988 -31.9495913039
114 114 124
2 31 2120 -966.0312 544.0536 18 2418 -782.5632 630.408
-32.6793557549 0.811848828127 -45.1006619817
50 28 30
2 35 87 -630.468 -50.19504 0 74 -727.4592 -71.58672
0.297934473413 17.0431843755 -47.2826538683
97 102 106
16 10 1343 -187.00296 -198.16872 32 3175 147.17304 -103.88952 17 3798 373.6296 23.42976 29 2920 156.06792 -150.22152 20 379 -434.4048 58.79424 23 453 -97.14912 -160.41672 13 408 -374.1624 -118.20288 6 1505 2.0954592 -186.53232 34 397 -370.7928 -7.017336 4 3781 305.4792 -16.870728 27 2003 93.87288 -150.25488 2 3349 254.196 -57.67272 24 668 -107.10528 -215.5608 5 407 -311.1648 -184.45824 26 3908 372.6432 75.0156 33 376 -483.1104 -60.52272
-51.5057315154 2.11395831769 -46.0027021795
16 35 16
8 8 204 -731.1312 538.6464 21 192 -958.5744 357.3576 12 281 -323.256 672.0048 19 192 -497.8392 607.98 9 175 -808.6848 445.7616 18 214 -1054.7904 200.96352 25 217 -481.3728 636.0696 22 197 -641.6328 573.288
20.2371988293 27.7268068827 -46.2610159429
215 231 244
2 31 2493 303.4272 549.7824 18 2814 475.6128 498.2856
25.6825537153 24.4469273414 -47.3554716586
195 197 196
3 17 3611 347.316 -643.6272 4 3960 111.66456 -686.1552 2 3846 -120.09768 -688.0176
-32.5700168654 -10.7225506536 -46.3610448023
187 178 169
7 28 1982 -393.492 -604.7136 0 3837 -650.9592 -344.448 15 228 19.29444 -698.3448 31 3530 -780.8784 -138.39312 35 4007 -613.02 -319.9704 7 723 -231.17112 -681.3696 14 2657 -551.7744 -510.576
-45.440128907 62.6927025673 -46.7316893763
27 22 19
2 31 4115 -805.3224 698.544 18 3584 -551.6232 759.972
-27.0621323454 1.20969797667 -40.6917888853
96 112 47
4 27 3387 604.6656 380.7096 32 3065 372.5688 488.628 29 3159 537.5496 422.5512 2 3016 380.4264 530.9688
30.531137407 23.8033354015 -46.6953500375
225 163 164
2 25 1926 916.3416 -70.7304 12 2118 906.504 -199.1376
40.3850176744 -11.1847346472 -40.9305719168
78 89 93
2 27 1299 -996.7824 226.75392 29 1019 -1108.0056 97.39992
-23.9810421659 -18.5507044461 -45.6493556194
74 96 84
4 21 4086 -635.6808 -54.64464 31 3650 -562.1376 -270.8496 9 4011 -646.4208 24.16512 18 4097 -579.276 -186.25224
11.9816142836 -8.17095017591 -31.8153052501
174 175 195
2 1 4851 161.17536 574.9056 20 4476 39.63504 653.7384
30.2726134637 -32.4445989665 -43.5674984281
79 103 43
2 24 73 -304.0008 613.416 10 200 -644.6568 594.1896
18.2698383966 28.0123696994 -47.3465796005
32 49 59
2 29 2513 -207.19512 -637.9296 4 3292 345.576 -544.4976
18.4892616468 30.5463041013 -45.6916238621
210 215 219
3 34 3712 -750.576 180.012 33 3927 -985.7448 39.32568 20 3546 -761.9376 274.3536
53.2363434975 12.3801997048 -46.6328621176
142 144 79
2 34 1847 -495.5448 572.2008 33 3610 -843.5016 514.0584
-66.6973019983 -27.0872996573 -44.7049495444
60 61 63
3 25 2449 -1059.6216 629.4288 12 2794 -836.34 702.5664 19 2550 -1106.4528 568.6272
-17.2516870649 16.816457985 -47.3677462892
176 170 148
2 35 4230 -283.0584 232.26096 0 4246 -424.968 250.488
52.9492479722 1.82457825937 -46.8045391067
38 48 11
3 24 1760 -979.2984 249.5496 5 2514 -817.1976 414.5232 23 2179 -695.2248 430.5912
24.0278884851 8.79972452113 -46.9806417964
57 67 69
8 8 4665 692.7312 53.34072 21 4739 661.0608 218.73864 12 4050 445.0896 -204.28104 19 4566 634.4568 -120.0312 9 4749 712.3056 89.07528 25 4441 509.8824 -139.01568 22 4694 650.8464 -20.44404 3 2853 357.3432 -187.42512
18.7792555763 6.72207866071 -41.7491131505
219 236 246
3 11 1907 177.8256 -26.62392 12 2645 337.4088 -26.50248 3 2168 257.5944 -0.2870472
20.6167435422 -25.0099675862 -46.9761591083
158 158 148
2 8 2444 231.94728 -614.3976 21 3043 604.0992 -467.4216
